AL, 13L , 2020082400_F000_199N_0757W_13L, 2020082400, 03, HREL, 000, 205N,  760W,  49, 1002, XX,  34, NEQ, 0111, 0128, 0000, 0089, -999, -999, -99,  313,   55,   -999,  -9999,  -9999,    441,   1099,    423,   1030, LAURA    
AL, 13L , 2020082400_F000_199N_0757W_13L, 2020082400, 03, HREL, 006, 210N,  783W,  44, 1003, XX,  34, NEQ, 0139, 0118, 0000, 0100, 1007,   59, -99,  289,  104,     40,    244,    681,    355,    674,    356,    632, LAURA    
AL, 13L , 2020082400_F000_199N_0757W_13L, 2020082400, 03, HREL, 012, 215N,  798W,  42, 1001, XX,  34, NEQ, 0199, 0103, 0000, 0199, -999, -999, -99,  296,   82,     12,    168,    781,    379,    734,    352,    687, LAURA    
AL, 13L , 2020082400_F000_199N_0757W_13L, 2020082400, 03, HREL, 018, 225N,  813W,  46, 1000, XX,  34, NEQ, 0139, 0123, 0000, 0112, -999, -999, -99,  306,   86,     10,    247,    769,    454,    840,    409,    615, LAURA    
AL, 13L , 2020082400_F000_199N_0757W_13L, 2020082400, 03, HREL, 024, 232N,  829W,  46,  997, XX,  34, NEQ, 0139, 0095, 0000, 0121, 1001,   26, -99,  301,   83,     22,    516,    887,    462,    833,    436,    816, LAURA    
AL, 13L , 2020082400_F000_199N_0757W_13L, 2020082400, 03, HREL, 030, 241N,  844W,  50,  995, XX,  34, NEQ, 0169, 0136, 0000, 0164, -999, -999, -99,  307,   80,     14,    657,   1037,    506,    858,    492,    847, LAURA    
AL, 13L , 2020082400_F000_199N_0757W_13L, 2020082400, 03, HREL, 030, 241N,  844W,  50,  995, XX,  50, NEQ, 0047, 0000, 0000, 0000, -999, -999, -99,  307,   80,     14,    657,   1037,    506,    858,    492,    847, LAURA    
AL, 13L , 2020082400_F000_199N_0757W_13L, 2020082400, 03, HREL, 036, 248N,  857W,  64,  989, XX,  34, NEQ, 0168, 0136, 0084, 0153, -999, -999, -99,  309,   71,     43,    479,   1528,    689,   1109,    646,   1059, LAURA    
AL, 13L , 2020082400_F000_199N_0757W_13L, 2020082400, 03, HREL, 036, 248N,  857W,  64,  989, XX,  50, NEQ, 0061, 0061, 0000, 0037, -999, -999, -99,  309,   71,     43,    479,   1528,    689,   1109,    646,   1059, LAURA    
AL, 13L , 2020082400_F000_199N_0757W_13L, 2020082400, 03, HREL, 036, 248N,  857W,  64,  989, XX,  64, NEQ, 0028, 0000, 0000, 0000, -999, -999, -99,  309,   71,     43,    479,   1528,    689,   1109,    646,   1059, LAURA    
AL, 13L , 2020082400_F000_199N_0757W_13L, 2020082400, 03, HREL, 042, 256N,  868W,  75,  982, XX,  34, NEQ, 0152, 0140, 0095, 0104, 1006,   93, -99,  310,   71,     -8,   1043,   2105,    896,   1560,    843,   1172, LAURA    
AL, 13L , 2020082400_F000_199N_0757W_13L, 2020082400, 03, HREL, 042, 256N,  868W,  75,  982, XX,  50, NEQ, 0074, 0074, 0033, 0049, 1006,   93, -99,  310,   71,     -8,   1043,   2105,    896,   1560,    843,   1172, LAURA    
AL, 13L , 2020082400_F000_199N_0757W_13L, 2020082400, 03, HREL, 042, 256N,  868W,  75,  982, XX,  64, NEQ, 0050, 0052, 0000, 0041, 1006,   93, -99,  310,   71,     -8,   1043,   2105,    896,   1560,    843,   1172, LAURA    
AL, 13L , 2020082400_F000_199N_0757W_13L, 2020082400, 03, HREL, 048, 265N,  880W,  68,  981, XX,  34, NEQ, 0146, 0122, 0099, 0148, 1005,  112, -99,  311,   73,   -122,   1324,   1864,    820,   1378,    776,   1263, LAURA    
AL, 13L , 2020082400_F000_199N_0757W_13L, 2020082400, 03, HREL, 048, 265N,  880W,  68,  981, XX,  50, NEQ, 0090, 0083, 0000, 0060, 1005,  112, -99,  311,   73,   -122,   1324,   1864,    820,   1378,    776,   1263, LAURA    
AL, 13L , 2020082400_F000_199N_0757W_13L, 2020082400, 03, HREL, 048, 265N,  880W,  68,  981, XX,  64, NEQ, 0051, 0000, 0000, 0000, 1005,  112, -99,  311,   73,   -122,   1324,   1864,    820,   1378,    776,   1263, LAURA    
AL, 13L , 2020082400_F000_199N_0757W_13L, 2020082400, 03, HREL, 054, 275N,  892W,  77,  977, XX,  34, NEQ, 0148, 0145, 0070, 0137, 1005,  109, -99,  312,   76,   -103,   1106,   2377,    962,   1580,    890,   1529, LAURA    
AL, 13L , 2020082400_F000_199N_0757W_13L, 2020082400, 03, HREL, 054, 275N,  892W,  77,  977, XX,  50, NEQ, 0073, 0070, 0000, 0066, 1005,  109, -99,  312,   76,   -103,   1106,   2377,    962,   1580,    890,   1529, LAURA    
AL, 13L , 2020082400_F000_199N_0757W_13L, 2020082400, 03, HREL, 054, 275N,  892W,  77,  977, XX,  64, NEQ, 0050, 0049, 0000, 0037, 1005,  109, -99,  312,   76,   -103,   1106,   2377,    962,   1580,    890,   1529, LAURA    
AL, 13L , 2020082400_F000_199N_0757W_13L, 2020082400, 03, HREL, 060, 285N,  903W,  80,  972, XX,  34, NEQ, 0145, 0151, 0069, 0099, 1004,   95, -99,  315,   76,   -107,   1498,   2699,   1029,   2189,    950,   2037, LAURA    
AL, 13L , 2020082400_F000_199N_0757W_13L, 2020082400, 03, HREL, 060, 285N,  903W,  80,  972, XX,  50, NEQ, 0075, 0075, 0042, 0042, 1004,   95, -99,  315,   76,   -107,   1498,   2699,   1029,   2189,    950,   2037, LAURA    
AL, 13L , 2020082400_F000_199N_0757W_13L, 2020082400, 03, HREL, 060, 285N,  903W,  80,  972, XX,  64, NEQ, 0048, 0000, 0000, 0033, 1004,   95, -99,  315,   76,   -107,   1498,   2699,   1029,   2189,    950,   2037, LAURA    
AL, 13L , 2020082400_F000_199N_0757W_13L, 2020082400, 03, HREL, 066, 297N,  911W,  65,  975, XX,  34, NEQ, 0134, 0139, 0072, 0072, 1007,  120, -99,  324,   76,   -105,   1165,   2504,   1008,   2542,    964,   2122, LAURA    
AL, 13L , 2020082400_F000_199N_0757W_13L, 2020082400, 03, HREL, 066, 297N,  911W,  65,  975, XX,  50, NEQ, 0063, 0077, 0039, 0000, 1007,  120, -99,  324,   76,   -105,   1165,   2504,   1008,   2542,    964,   2122, LAURA    
AL, 13L , 2020082400_F000_199N_0757W_13L, 2020082400, 03, HREL, 066, 297N,  911W,  65,  975, XX,  64, NEQ, 0045, 0000, 0000, 0000, 1007,  120, -99,  324,   76,   -105,   1165,   2504,   1008,   2542,    964,   2122, LAURA    
AL, 13L , 2020082400_F000_199N_0757W_13L, 2020082400, 03, HREL, 072, 310N,  917W,  50,  983, XX,  34, NEQ, 0073, 0167, 0038, 0052, 1003,   70, -99,  335,   72,   -107,   1081,   1870,    899,   1915,    873,   1411, LAURA    
AL, 13L , 2020082400_F000_199N_0757W_13L, 2020082400, 03, HREL, 072, 310N,  917W,  50,  983, XX,  50, NEQ, 0046, 0000, 0000, 0000, 1003,   70, -99,  335,   72,   -107,   1081,   1870,    899,   1915,    873,   1411, LAURA    
AL, 13L , 2020082400_F000_199N_0757W_13L, 2020082400, 03, HREL, 078, 328N,  919W,  41,  987, XX,  34, NEQ, 0081, 0047, 0000, 0000, -999, -999, -99,  356,   80,    -18,    488,   1699,    875,   1418,    691,   1027, LAURA    
AL, 13L , 2020082400_F000_199N_0757W_13L, 2020082400, 03, HREL, 084, 340N,  917W,  30,  993, XX,  34, NEQ, 0000, 0000, 0000, 0000, 1005,   63, -99,   19,   61,     47,    310,   1215,    605,   1215,    542,   1371, LAURA    
AL, 13L , 2020082400_F000_199N_0757W_13L, 2020082400, 03, HREL, 090, 353N,  906W,  32,  998, XX,  34, NEQ, 0000, 0000, 0000, 0000, -999, -999, -99,   43,   75,    130,   -119,   1025,    476,   1135,    434,   1008, LAURA    
AL, 13L , 2020082400_F000_199N_0757W_13L, 2020082400, 03, HREL, 096, 365N,  892W,  29, 1000, XX,  34, NEQ, 0000, 0000, 0000, 0000, -999, -999, -99,   56,   76,     87,   -135,    876,    364,    793,    333,    802, LAURA    
AL, 13L , 2020082400_F000_199N_0757W_13L, 2020082400, 03, HREL, 102, 374N,  874W,  21, 1001, XX,  34, NEQ, 0000, 0000, 0000, 0000, -999, -999, -99,   66,   81,     37,   -124,    484,    283,    313,    286,    354, LAURA    
AL, 13L , 2020082400_F000_199N_0757W_13L, 2020082400, 03, HREL, 108, 385N,  850W,  23, 1002, XX,  34, NEQ, 0000, 0000, 0000, 0000, 1006,   63, -99,   72,  104,      6,   -196,    -92,    282,    330,    263,    585, LAURA    
AL, 13L , 2020082400_F000_199N_0757W_13L, 2020082400, 03, HREL, 114, 394N,  825W,  22, 1003, XX,  34, NEQ, 0000, 0000, 0000, 0000, -999, -999, -99,   78,  110,     47,   -223,   -706,    252,    214,    259,    688, LAURA    
AL, 13L , 2020082400_F000_199N_0757W_13L, 2020082400, 03, HREL, 120, 393N,  785W,  36,  999, XX,  34, NEQ, 0104, 0000, 0000, 0000, -999, -999, -99, -999, -999,    167,   -690,   -615,    205,    997,    237,    180, LAURA    
