AL, 13, 2020082400, 03, HREL, 000, 205N,  760W,  49, 1002, XX,  34, NEQ, 0111, 0128, 0000, 0089,  -99,  -99,  53,   0,   0,    ,   0,    ,   0,   0,           ,  ,   ,    ,   0,   0,   0,   0,       THERMO PARAMS,   -9999,   -9999,   -9999, N, 10, DT, -999
AL, 13, 2020082400, 03, HREL, 006, 210N,  783W,  44, 1003, XX,  34, NEQ, 0139, 0118, 0000, 0100, 1007,   59,  84,   0,   0,    ,   0,    ,   0,   0,           ,  ,   ,    ,   0,   0,   0,   0,       THERMO PARAMS,      40,     244,     681, N, 10, DT, -999
AL, 13, 2020082400, 03, HREL, 012, 215N,  798W,  42, 1001, XX,  34, NEQ, 0199, 0103, 0000, 0199,  -99,  -99,  49,   0,   0,    ,   0,    ,   0,   0,           ,  ,   ,    ,   0,   0,   0,   0,       THERMO PARAMS,      12,     168,     781, N, 10, DT, -999
AL, 13, 2020082400, 03, HREL, 018, 225N,  813W,  46, 1000, XX,  34, NEQ, 0139, 0123, 0000, 0112,  -99,  -99,  94,   0,   0,    ,   0,    ,   0,   0,           ,  ,   ,    ,   0,   0,   0,   0,       THERMO PARAMS,      10,     247,     769, N, 10, DT, -999
AL, 13, 2020082400, 03, HREL, 024, 232N,  829W,  46,  997, XX,  34, NEQ, 0139, 0095, 0000, 0121, 1001,   26,  79,   0,   0,    ,   0,    ,   0,   0,           ,  ,   ,    ,   0,   0,   0,   0,       THERMO PARAMS,      22,     516,     887, N, 10, DT, -999
AL, 13, 2020082400, 03, HREL, 030, 241N,  844W,  50,  995, XX,  34, NEQ, 0169, 0136, 0000, 0164,  -99,  -99,  38,   0,   0,    ,   0,    ,   0,   0,           ,  ,   ,    ,   0,   0,   0,   0,       THERMO PARAMS,      14,     657,    1037, N, 10, DT, -999
AL, 13, 2020082400, 03, HREL, 030, 241N,  844W,  50,  995, XX,  50, NEQ, 0047, 0000, 0000, 0000,  -99,  -99,  38,   0,   0,    ,   0,    ,   0,   0,           ,  ,   ,    ,   0,   0,   0,   0,       THERMO PARAMS,      14,     657,    1037, N, 10, DT, -999
AL, 13, 2020082400, 03, HREL, 036, 248N,  857W,  64,  989, XX,  34, NEQ, 0168, 0136, 0084, 0153,  -99,  -99,  28,   0,   0,    ,   0,    ,   0,   0,           ,  ,   ,    ,   0,   0,   0,   0,       THERMO PARAMS,      43,     479,    1528, N, 10, DT, -999
AL, 13, 2020082400, 03, HREL, 036, 248N,  857W,  64,  989, XX,  50, NEQ, 0061, 0061, 0000, 0037,  -99,  -99,  28,   0,   0,    ,   0,    ,   0,   0,           ,  ,   ,    ,   0,   0,   0,   0,       THERMO PARAMS,      43,     479,    1528, N, 10, DT, -999
AL, 13, 2020082400, 03, HREL, 036, 248N,  857W,  64,  989, XX,  64, NEQ, 0028, 0000, 0000, 0000,  -99,  -99,  28,   0,   0,    ,   0,    ,   0,   0,           ,  ,   ,    ,   0,   0,   0,   0,       THERMO PARAMS,      43,     479,    1528, N, 10, DT, -999
AL, 13, 2020082400, 03, HREL, 042, 256N,  868W,  75,  982, XX,  34, NEQ, 0152, 0140, 0095, 0104, 1006,   93,  31,   0,   0,    ,   0,    ,   0,   0,           ,  ,   ,    ,   0,   0,   0,   0,       THERMO PARAMS,      -8,    1043,    2105, N, 10, DT, -999
AL, 13, 2020082400, 03, HREL, 042, 256N,  868W,  75,  982, XX,  50, NEQ, 0074, 0074, 0033, 0049, 1006,   93,  31,   0,   0,    ,   0,    ,   0,   0,           ,  ,   ,    ,   0,   0,   0,   0,       THERMO PARAMS,      -8,    1043,    2105, N, 10, DT, -999
AL, 13, 2020082400, 03, HREL, 042, 256N,  868W,  75,  982, XX,  64, NEQ, 0050, 0052, 0000, 0041, 1006,   93,  31,   0,   0,    ,   0,    ,   0,   0,           ,  ,   ,    ,   0,   0,   0,   0,       THERMO PARAMS,      -8,    1043,    2105, N, 10, DT, -999
AL, 13, 2020082400, 03, HREL, 048, 265N,  880W,  68,  981, XX,  34, NEQ, 0146, 0122, 0099, 0148, 1005,  112,  31,   0,   0,    ,   0,    ,   0,   0,           ,  ,   ,    ,   0,   0,   0,   0,       THERMO PARAMS,    -122,    1324,    1864, N, 10, DT, -999
AL, 13, 2020082400, 03, HREL, 048, 265N,  880W,  68,  981, XX,  50, NEQ, 0090, 0083, 0000, 0060, 1005,  112,  31,   0,   0,    ,   0,    ,   0,   0,           ,  ,   ,    ,   0,   0,   0,   0,       THERMO PARAMS,    -122,    1324,    1864, N, 10, DT, -999
AL, 13, 2020082400, 03, HREL, 048, 265N,  880W,  68,  981, XX,  64, NEQ, 0051, 0000, 0000, 0000, 1005,  112,  31,   0,   0,    ,   0,    ,   0,   0,           ,  ,   ,    ,   0,   0,   0,   0,       THERMO PARAMS,    -122,    1324,    1864, N, 10, DT, -999
AL, 13, 2020082400, 03, HREL, 054, 275N,  892W,  77,  977, XX,  34, NEQ, 0148, 0145, 0070, 0137, 1005,  109,  20,   0,   0,    ,   0,    ,   0,   0,           ,  ,   ,    ,   0,   0,   0,   0,       THERMO PARAMS,    -103,    1106,    2377, N, 10, DT, -999
AL, 13, 2020082400, 03, HREL, 054, 275N,  892W,  77,  977, XX,  50, NEQ, 0073, 0070, 0000, 0066, 1005,  109,  20,   0,   0,    ,   0,    ,   0,   0,           ,  ,   ,    ,   0,   0,   0,   0,       THERMO PARAMS,    -103,    1106,    2377, N, 10, DT, -999
AL, 13, 2020082400, 03, HREL, 054, 275N,  892W,  77,  977, XX,  64, NEQ, 0050, 0049, 0000, 0037, 1005,  109,  20,   0,   0,    ,   0,    ,   0,   0,           ,  ,   ,    ,   0,   0,   0,   0,       THERMO PARAMS,    -103,    1106,    2377, N, 10, DT, -999
AL, 13, 2020082400, 03, HREL, 060, 285N,  903W,  80,  972, XX,  34, NEQ, 0145, 0151, 0069, 0099, 1004,   95,  28,   0,   0,    ,   0,    ,   0,   0,           ,  ,   ,    ,   0,   0,   0,   0,       THERMO PARAMS,    -107,    1498,    2699, N, 10, DT, -999
AL, 13, 2020082400, 03, HREL, 060, 285N,  903W,  80,  972, XX,  50, NEQ, 0075, 0075, 0042, 0042, 1004,   95,  28,   0,   0,    ,   0,    ,   0,   0,           ,  ,   ,    ,   0,   0,   0,   0,       THERMO PARAMS,    -107,    1498,    2699, N, 10, DT, -999
AL, 13, 2020082400, 03, HREL, 060, 285N,  903W,  80,  972, XX,  64, NEQ, 0048, 0000, 0000, 0033, 1004,   95,  28,   0,   0,    ,   0,    ,   0,   0,           ,  ,   ,    ,   0,   0,   0,   0,       THERMO PARAMS,    -107,    1498,    2699, N, 10, DT, -999
AL, 13, 2020082400, 03, HREL, 066, 297N,  911W,  65,  975, XX,  34, NEQ, 0134, 0139, 0072, 0072, 1007,  120,  42,   0,   0,    ,   0,    ,   0,   0,           ,  ,   ,    ,   0,   0,   0,   0,       THERMO PARAMS,    -105,    1165,    2504, N, 10, DT, -999
AL, 13, 2020082400, 03, HREL, 066, 297N,  911W,  65,  975, XX,  50, NEQ, 0063, 0077, 0039, 0000, 1007,  120,  42,   0,   0,    ,   0,    ,   0,   0,           ,  ,   ,    ,   0,   0,   0,   0,       THERMO PARAMS,    -105,    1165,    2504, N, 10, DT, -999
AL, 13, 2020082400, 03, HREL, 066, 297N,  911W,  65,  975, XX,  64, NEQ, 0045, 0000, 0000, 0000, 1007,  120,  42,   0,   0,    ,   0,    ,   0,   0,           ,  ,   ,    ,   0,   0,   0,   0,       THERMO PARAMS,    -105,    1165,    2504, N, 10, DT, -999
AL, 13, 2020082400, 03, HREL, 072, 310N,  917W,  50,  983, XX,  34, NEQ, 0073, 0167, 0038, 0052, 1003,   70,  46,   0,   0,    ,   0,    ,   0,   0,           ,  ,   ,    ,   0,   0,   0,   0,       THERMO PARAMS,    -107,    1081,    1870, N, 10, DT, -999
AL, 13, 2020082400, 03, HREL, 072, 310N,  917W,  50,  983, XX,  50, NEQ, 0046, 0000, 0000, 0000, 1003,   70,  46,   0,   0,    ,   0,    ,   0,   0,           ,  ,   ,    ,   0,   0,   0,   0,       THERMO PARAMS,    -107,    1081,    1870, N, 10, DT, -999
AL, 13, 2020082400, 03, HREL, 078, 328N,  919W,  41,  987, XX,  34, NEQ, 0081, 0047, 0000, 0000,  -99,  -99,  34,   0,   0,    ,   0,    ,   0,   0,           ,  ,   ,    ,   0,   0,   0,   0,       THERMO PARAMS,     -18,     488,    1699, N, 10, DT, -999
AL, 13, 2020082400, 03, HREL, 084, 340N,  917W,  30,  993, XX,  34, NEQ, 0000, 0000, 0000, 0000, 1005,   63,  43,   0,   0,    ,   0,    ,   0,   0,           ,  ,   ,    ,   0,   0,   0,   0,       THERMO PARAMS,      47,     310,    1215, N, 10, DT, -999
AL, 13, 2020082400, 03, HREL, 090, 353N,  906W,  32,  998, XX,  34, NEQ, 0000, 0000, 0000, 0000,  -99,  -99,  68,   0,   0,    ,   0,    ,   0,   0,           ,  ,   ,    ,   0,   0,   0,   0,       THERMO PARAMS,     130,    -119,    1025, N, 10, DT, -999
AL, 13, 2020082400, 03, HREL, 096, 365N,  892W,  29, 1000, XX,  34, NEQ, 0000, 0000, 0000, 0000,  -99,  -99, 109,   0,   0,    ,   0,    ,   0,   0,           ,  ,   ,    ,   0,   0,   0,   0,       THERMO PARAMS,      87,    -135,     876, N, 10, DT, -999
AL, 13, 2020082400, 03, HREL, 102, 374N,  874W,  21, 1001, XX,  34, NEQ, 0000, 0000, 0000, 0000,  -99,  -99,  76,   0,   0,    ,   0,    ,   0,   0,           ,  ,   ,    ,   0,   0,   0,   0,       THERMO PARAMS,      37,    -124,     484, N, 10, DT, -999
AL, 13, 2020082400, 03, HREL, 108, 385N,  850W,  23, 1002, XX,  34, NEQ, 0000, 0000, 0000, 0000, 1006,   63, 103,   0,   0,    ,   0,    ,   0,   0,           ,  ,   ,    ,   0,   0,   0,   0,       THERMO PARAMS,       6,    -196,     -92, N, 10, DT, -999
AL, 13, 2020082400, 03, HREL, 114, 394N,  825W,  22, 1003, XX,  34, NEQ, 0000, 0000, 0000, 0000,  -99,  -99, 122,   0,   0,    ,   0,    ,   0,   0,           ,  ,   ,    ,   0,   0,   0,   0,       THERMO PARAMS,      47,    -223,    -706, N, 10, DT, -999
AL, 13, 2020082400, 03, HREL, 120, 393N,  785W,  36,  999, XX,  34, NEQ, 0104, 0000, 0000, 0000,  -99,  -99, 104,   0,   0,    ,   0,    ,   0,   0,           ,  ,   ,    ,   0,   0,   0,   0,       THERMO PARAMS,     167,    -690,    -615, N, 10, DT, -999
