AL, 13, 2020082400, 03, HREL, 00000, 205N,  760W,  49, 1002, XX,  34, NEQ, 0111, 0128, 0000, 0089,    0,    0,  53
AL, 13, 2020082400, 03, HREL, 00600, 210N,  783W,  44, 1003, XX,  34, NEQ, 0139, 0118, 0000, 0100,    0,    0,  84
AL, 13, 2020082400, 03, HREL, 01200, 215N,  798W,  42, 1001, XX,  34, NEQ, 0199, 0103, 0000, 0199,    0,    0,  49
AL, 13, 2020082400, 03, HREL, 01800, 225N,  813W,  46, 1000, XX,  34, NEQ, 0139, 0123, 0000, 0112,    0,    0,  94
AL, 13, 2020082400, 03, HREL, 02400, 232N,  829W,  46,  997, XX,  34, NEQ, 0139, 0095, 0000, 0121,    0,    0,  79
AL, 13, 2020082400, 03, HREL, 03000, 241N,  844W,  50,  995, XX,  34, NEQ, 0169, 0136, 0000, 0164,    0,    0,  38
AL, 13, 2020082400, 03, HREL, 03000, 241N,  844W,  50,  995, XX,  50, NEQ, 0047, 0000, 0000, 0000,    0,    0,  38
AL, 13, 2020082400, 03, HREL, 03600, 248N,  857W,  64,  989, XX,  34, NEQ, 0168, 0136, 0084, 0153,    0,    0,  28
AL, 13, 2020082400, 03, HREL, 03600, 248N,  857W,  64,  989, XX,  50, NEQ, 0061, 0061, 0000, 0037,    0,    0,  28
AL, 13, 2020082400, 03, HREL, 03600, 248N,  857W,  64,  989, XX,  64, NEQ, 0028, 0000, 0000, 0000,    0,    0,  28
AL, 13, 2020082400, 03, HREL, 04200, 256N,  868W,  75,  982, XX,  34, NEQ, 0152, 0140, 0095, 0104,    0,    0,  31
AL, 13, 2020082400, 03, HREL, 04200, 256N,  868W,  75,  982, XX,  50, NEQ, 0074, 0074, 0033, 0049,    0,    0,  31
AL, 13, 2020082400, 03, HREL, 04200, 256N,  868W,  75,  982, XX,  64, NEQ, 0050, 0052, 0000, 0041,    0,    0,  31
AL, 13, 2020082400, 03, HREL, 04800, 265N,  880W,  68,  981, XX,  34, NEQ, 0146, 0122, 0099, 0148,    0,    0,  31
AL, 13, 2020082400, 03, HREL, 04800, 265N,  880W,  68,  981, XX,  50, NEQ, 0090, 0083, 0000, 0060,    0,    0,  31
AL, 13, 2020082400, 03, HREL, 04800, 265N,  880W,  68,  981, XX,  64, NEQ, 0051, 0000, 0000, 0000,    0,    0,  31
AL, 13, 2020082400, 03, HREL, 05400, 275N,  892W,  77,  977, XX,  34, NEQ, 0148, 0145, 0070, 0137,    0,    0,  20
AL, 13, 2020082400, 03, HREL, 05400, 275N,  892W,  77,  977, XX,  50, NEQ, 0073, 0070, 0000, 0066,    0,    0,  20
AL, 13, 2020082400, 03, HREL, 05400, 275N,  892W,  77,  977, XX,  64, NEQ, 0050, 0049, 0000, 0037,    0,    0,  20
AL, 13, 2020082400, 03, HREL, 06000, 285N,  903W,  80,  972, XX,  34, NEQ, 0145, 0151, 0069, 0099,    0,    0,  28
AL, 13, 2020082400, 03, HREL, 06000, 285N,  903W,  80,  972, XX,  50, NEQ, 0075, 0075, 0042, 0042,    0,    0,  28
AL, 13, 2020082400, 03, HREL, 06000, 285N,  903W,  80,  972, XX,  64, NEQ, 0048, 0000, 0000, 0033,    0,    0,  28
AL, 13, 2020082400, 03, HREL, 06600, 297N,  911W,  65,  975, XX,  34, NEQ, 0134, 0139, 0072, 0072,    0,    0,  42
AL, 13, 2020082400, 03, HREL, 06600, 297N,  911W,  65,  975, XX,  50, NEQ, 0063, 0077, 0039, 0000,    0,    0,  42
AL, 13, 2020082400, 03, HREL, 06600, 297N,  911W,  65,  975, XX,  64, NEQ, 0045, 0000, 0000, 0000,    0,    0,  42
AL, 13, 2020082400, 03, HREL, 07200, 310N,  917W,  50,  983, XX,  34, NEQ, 0073, 0167, 0038, 0052,    0,    0,  46
AL, 13, 2020082400, 03, HREL, 07200, 310N,  917W,  50,  983, XX,  50, NEQ, 0046, 0000, 0000, 0000,    0,    0,  46
AL, 13, 2020082400, 03, HREL, 07800, 328N,  919W,  41,  987, XX,  34, NEQ, 0081, 0047, 0000, 0000,    0,    0,  34
AL, 13, 2020082400, 03, HREL, 08400, 340N,  917W,  30,  993, XX,  34, NEQ, 0000, 0000, 0000, 0000,    0,    0,  43
AL, 13, 2020082400, 03, HREL, 09000, 353N,  906W,  32,  998, XX,  34, NEQ, 0000, 0000, 0000, 0000,    0,    0,  68
AL, 13, 2020082400, 03, HREL, 09600, 365N,  892W,  29, 1000, XX,  34, NEQ, 0000, 0000, 0000, 0000,    0,    0, 109
AL, 13, 2020082400, 03, HREL, 10200, 374N,  874W,  21, 1001, XX,  34, NEQ, 0000, 0000, 0000, 0000,    0,    0,  76
AL, 13, 2020082400, 03, HREL, 10800, 385N,  850W,  23, 1002, XX,  34, NEQ, 0000, 0000, 0000, 0000,    0,    0, 103
AL, 13, 2020082400, 03, HREL, 11400, 394N,  825W,  22, 1003, XX,  34, NEQ, 0000, 0000, 0000, 0000,    0,    0, 122
AL, 13, 2020082400, 03, HREL, 12000, 393N,  785W,  36,  999, XX,  34, NEQ, 0104, 0000, 0000, 0000,    0,    0, 104
