9.281178563833236694e-02
9.382107853889465332e-02
9.481470286846160889e-02
9.581273794174194336e-02
9.681436419486999512e-02
9.780256450176239014e-02
9.875121712684631348e-02
9.963343292474746704e-02
1.004293933510780334e-01
1.011319011449813843e-01
1.017489954829216003e-01
1.023030281066894531e-01
1.028271540999412537e-01
1.033599153161048889e-01
1.039393916726112366e-01
1.045978069305419922e-01
1.053576245903968811e-01
1.062295287847518921e-01
1.072118654847145081e-01
1.082913950085639954e-01
1.094445586204528809e-01
1.106390058994293213e-01
1.118354648351669312e-01
1.129901409149169922e-01
1.140578165650367737e-01
1.149955913424491882e-01
1.157667040824890137e-01
1.163438111543655396e-01
1.167108267545700073e-01
1.168631240725517273e-01
1.168060153722763062e-01
1.165522709488868713e-01
1.161195486783981323e-01
1.155278161168098450e-01
1.147978454828262329e-01
1.139501556754112244e-01
1.130048558115959167e-01
1.119815707206726074e-01
1.108994707465171814e-01
1.097768396139144897e-01
1.086303144693374634e-01
1.074737161397933960e-01
1.063168868422508240e-01
1.051646620035171509e-01
1.040163189172744751e-01
1.028657555580139160e-01
1.017024517059326172e-01
1.005132198333740234e-01
9.928459674119949341e-02
9.800534695386886597e-02
9.666892141103744507e-02
9.527523070573806763e-02
9.383134543895721436e-02
9.235113114118576050e-02
9.085374325513839722e-02
8.936134725809097290e-02
8.789655566215515137e-02
8.647985756397247314e-02
8.512763679027557373e-02
8.385108411312103271e-02
8.265620470046997070e-02
8.154475688934326172e-02
8.051587641239166260e-02
7.956774532794952393e-02
7.869904488325119019e-02
7.790967077016830444e-02
7.720097154378890991e-02
7.657537609338760376e-02
7.603579759597778320e-02
7.558492571115493774e-02
7.522448152303695679e-02
7.495459169149398804e-02
7.477322965860366821e-02
7.467574626207351685e-02
7.465464621782302856e-02
7.469945400953292847e-02
7.479693740606307983e-02
7.493153214454650879e-02
7.508616149425506592e-02
7.524329423904418945e-02
7.538613677024841309e-02
7.549980282783508301e-02
7.557225227355957031e-02
7.559499144554138184e-02
7.556350529193878174e-02
7.547734677791595459e-02
7.534001767635345459e-02
7.515854388475418091e-02
7.494269311428070068e-02
7.470393925905227661e-02
7.445428520441055298e-02
7.420516014099121094e-02
7.396648079156875610e-02
7.374604791402816772e-02
7.354918867349624634e-02
7.337871938943862915e-02
7.323485612869262695e-02
7.311534881591796875e-02
7.301557809114456177e-02
7.292882353067398071e-02
7.284667342901229858e-02
7.275969535112380981e-02
7.265830785036087036e-02
7.253370434045791626e-02
7.237886637449264526e-02
7.218917459249496460e-02
7.196284830570220947e-02
7.170087844133377075e-02
7.140685617923736572e-02
7.108674198389053345e-02
7.074873149394989014e-02
7.040348649024963379e-02
7.006431370973587036e-02
6.974740326404571533e-02
6.947170197963714600e-02
6.925840675830841064e-02
6.912980973720550537e-02
6.910762935876846313e-02
6.921074539422988892e-02
6.945285946130752563e-02
6.984050571918487549e-02
7.037186622619628906e-02
7.103708386421203613e-02
7.181996107101440430e-02
7.270085066556930542e-02
7.366001605987548828e-02
7.468058913946151733e-02
7.575043290853500366e-02
7.686249166727066040e-02
7.801363617181777954e-02
7.920245826244354248e-02
8.042637258768081665e-02
8.167895674705505371e-02
8.294814079999923706e-02
8.421562612056732178e-02
8.545793592929840088e-02
8.664879202842712402e-02
8.776231110095977783e-02
8.877632021903991699e-02
8.967498689889907837e-02
9.045027941465377808e-02
9.110224992036819458e-02
9.163793921470642090e-02
9.206958115100860596e-02
9.241227060556411743e-02
9.268168359994888306e-02
9.289217740297317505e-02
9.305552393198013306e-02
9.318017959594726562e-02
9.327100217342376709e-02
9.332910925149917603e-02
9.335198253393173218e-02
9.333377331495285034e-02
9.326614439487457275e-02
9.313948452472686768e-02
9.294459223747253418e-02
9.267451614141464233e-02
9.232617169618606567e-02
9.190154075622558594e-02
9.140796214342117310e-02
9.085761010646820068e-02
9.026594460010528564e-02
8.964957296848297119e-02
8.902385830879211426e-02
8.840060979127883911e-02
8.778641372919082642e-02
8.718173205852508545e-02
8.658092468976974487e-02
8.597312867641448975e-02
8.534373342990875244e-02
8.467623591423034668e-02
8.395405858755111694e-02
8.316207677125930786e-02
8.228752762079238892e-02
8.132030069828033447e-02
8.025255799293518066e-02
7.907807826995849609e-02
7.779139280319213867e-02
7.638712972402572632e-02
7.485973089933395386e-02
7.320373505353927612e-02
7.141479849815368652e-02
6.949136406183242798e-02
6.743687391281127930e-02
6.526207178831100464e-02
6.298687309026718140e-02
6.064109131693840027e-02
5.826346948742866516e-02
5.589886754751205444e-02
5.359356105327606201e-02
5.138929188251495361e-02
4.931677132844924927e-02
