2.009369531250000000e+05
2.009369531250000000e+05
2.018354687500000000e+05
2.025984687500000000e+05
2.032589531250000000e+05
2.038468437500000000e+05
2.043888437500000000e+05
2.049084843750000000e+05
2.054264062500000000e+05
2.059605156250000000e+05
2.065262968750000000e+05
2.071371406250000000e+05
2.078045937500000000e+05
2.085385156250000000e+05
2.093472656250000000e+05
2.102376562500000000e+05
2.112149218750000000e+05
2.122826406250000000e+05
2.134424375000000000e+05
2.146939375000000000e+05
2.160344687500000000e+05
2.174590000000000000e+05
2.189600937500000000e+05
2.205278906250000000e+05
2.221503281250000000e+05
2.238133125000000000e+05
2.255011406250000000e+05
2.271969062500000000e+05
2.288829843750000000e+05
2.305415937500000000e+05
2.321552968750000000e+05
2.337075312500000000e+05
2.351830468750000000e+05
2.365682812500000000e+05
2.378516406250000000e+05
2.390236875000000000e+05
2.400772656250000000e+05
2.410074687500000000e+05
2.418115468750000000e+05
2.424887968750000000e+05
2.430403281250000000e+05
2.434688437500000000e+05
2.437783593750000000e+05
2.439739218750000000e+05
2.440613437500000000e+05
2.440469218750000000e+05
2.439372343750000000e+05
2.437388750000000000e+05
2.434582968750000000e+05
2.431016093750000000e+05
2.426745937500000000e+05
2.421825000000000000e+05
2.416300625000000000e+05
2.410214687500000000e+05
2.403603750000000000e+05
2.396498906250000000e+05
2.388926718750000000e+05
2.380908593750000000e+05
2.372461406250000000e+05
2.363598437500000000e+05
2.354328437500000000e+05
2.344657187500000000e+05
2.334587968750000000e+05
2.324121250000000000e+05
2.313257343750000000e+05
2.301996406250000000e+05
2.290340312500000000e+05
2.278294531250000000e+05
2.265869531250000000e+05
2.253082656250000000e+05
2.239959062500000000e+05
2.226533281250000000e+05
2.212849843750000000e+05
2.198962812500000000e+05
2.184935312500000000e+05
2.170838125000000000e+05
2.156747968750000000e+05
2.142744687500000000e+05
2.128908437500000000e+05
2.115317031250000000e+05
2.102042343750000000e+05
2.089147968750000000e+05
2.076687031250000000e+05
2.064699843750000000e+05
2.053213125000000000e+05
2.042240156250000000e+05
2.031780781250000000e+05
2.021823593750000000e+05
2.012347500000000000e+05
2.003325468750000000e+05
1.994727031250000000e+05
1.986522812500000000e+05
1.978687500000000000e+05
1.971203906250000000e+05
1.964065781250000000e+05
1.957279531250000000e+05
1.950866718750000000e+05
1.944863281250000000e+05
1.939319062500000000e+05
1.934296406250000000e+05
1.929866093750000000e+05
1.926104531250000000e+05
1.923088593750000000e+05
1.920891250000000000e+05
1.919576406250000000e+05
1.919194375000000000e+05
1.919777812500000000e+05
1.921338906250000000e+05
1.923866406250000000e+05
1.927325625000000000e+05
1.931657656250000000e+05
1.936781718750000000e+05
1.942597187500000000e+05
1.948986875000000000e+05
1.955821875000000000e+05
1.962966250000000000e+05
1.970281718750000000e+05
1.977633125000000000e+05
1.984893281250000000e+05
1.991946718750000000e+05
1.998694375000000000e+05
2.005055937500000000e+05
2.010971718750000000e+05
2.016404062500000000e+05
2.021337656250000000e+05
2.025778281250000000e+05
2.029751093750000000e+05
2.033299218750000000e+05
2.036479687500000000e+05
2.039360625000000000e+05
2.042017812500000000e+05
2.044530156250000000e+05
2.046976562500000000e+05
2.049432031250000000e+05
2.051964531250000000e+05
2.054631406250000000e+05
2.057478125000000000e+05
2.060535625000000000e+05
2.063819062500000000e+05
2.067328750000000000e+05
2.071048750000000000e+05
2.074949531250000000e+05
2.078988125000000000e+05
2.083111406250000000e+05
2.087257500000000000e+05
2.091360000000000000e+05
2.095349375000000000e+05
2.099157656250000000e+05
2.102720468750000000e+05
2.105980468750000000e+05
2.108889531250000000e+05
2.111411250000000000e+05
2.113522343750000000e+05
2.115213593750000000e+05
2.116490468750000000e+05
2.117372187500000000e+05
2.117890312500000000e+05
2.118087812500000000e+05
2.118015156250000000e+05
2.117728125000000000e+05
2.117284375000000000e+05
2.116738593750000000e+05
2.116140468750000000e+05
2.115529375000000000e+05
2.114932500000000000e+05
2.114361718750000000e+05
2.113811562500000000e+05
2.113258281250000000e+05
2.112659843750000000e+05
2.111955937500000000e+05
2.111070625000000000e+05
2.109913593750000000e+05
2.108383750000000000e+05
2.106372343750000000e+05
2.103766250000000000e+05
2.100451562500000000e+05
2.096317500000000000e+05
2.091258125000000000e+05
2.085176093750000000e+05
2.077984062500000000e+05
2.069606875000000000e+05
2.059981875000000000e+05
2.049060000000000000e+05
2.036805468750000000e+05
2.023195156250000000e+05
2.008217343750000000e+05
1.991868750000000000e+05
1.974152187500000000e+05
1.955071875000000000e+05
1.934628593750000000e+05
1.912814531250000000e+05
1.889607343750000000e+05
1.864964687500000000e+05
1.864964687500000000e+05
