-9.000000000000000000e+01
-8.927665710449218750e+01
-8.833975982666015625e+01
-8.739728546142578125e+01
-8.645353698730468750e+01
-8.550930786132812500e+01
-8.456487274169921875e+01
-8.362028503417968750e+01
-8.267562866210937500e+01
-8.173093414306640625e+01
-8.078618621826171875e+01
-7.984142303466796875e+01
-7.889662933349609375e+01
-7.795182800292968750e+01
-7.700701141357421875e+01
-7.606219482421875000e+01
-7.511736297607421875e+01
-7.417253112792968750e+01
-7.322769165039062500e+01
-7.228285217285156250e+01
-7.133799743652343750e+01
-7.039314270019531250e+01
-6.944829559326171875e+01
-6.850343322753906250e+01
-6.755857086181640625e+01
-6.661371612548828125e+01
-6.566885375976562500e+01
-6.472399139404296875e+01
-6.377912521362304688e+01
-6.283426284790039062e+01
-6.188939285278320312e+01
-6.094452667236328125e+01
-5.999965667724609375e+01
-5.905478668212890625e+01
-5.810992050170898438e+01
-5.716505050659179688e+01
-5.622017669677734375e+01
-5.527530288696289062e+01
-5.433043289184570312e+01
-5.338556289672851562e+01
-5.244069290161132812e+01
-5.149581527709960938e+01
-5.055094146728515625e+01
-4.960606765747070312e+01
-4.866119384765625000e+01
-4.771631622314453125e+01
-4.677144622802734375e+01
-4.582657241821289062e+01
-4.488169479370117188e+01
-4.393681716918945312e+01
-4.299194335937500000e+01
-4.204706573486328125e+01
-4.110219192504882812e+01
-4.015731430053710938e+01
-3.921243667602539062e+01
-3.826756286621093750e+01
-3.732268142700195312e+01
-3.637780761718750000e+01
-3.543293380737304688e+01
-3.448805618286132812e+01
-3.354317474365234375e+01
-3.259829711914062500e+01
-3.165341949462890625e+01
-3.070854377746582031e+01
-2.976366615295410156e+01
-2.881879043579101562e+01
-2.787391090393066406e+01
-2.692903327941894531e+01
-2.598415565490722656e+01
-2.503927803039550781e+01
-2.409440040588378906e+01
-2.314952278137207031e+01
-2.220464324951171875e+01
-2.125976562500000000e+01
-2.031488609313964844e+01
-1.937000846862792969e+01
-1.842513084411621094e+01
-1.748025131225585938e+01
-1.653537368774414062e+01
-1.559049606323242188e+01
-1.464561653137207031e+01
-1.370073890686035156e+01
-1.275586032867431641e+01
-1.181098175048828125e+01
-1.086610412597656250e+01
-9.921224594116210938e+00
-8.976346969604492188e+00
-8.031468391418457031e+00
-7.086588859558105469e+00
-6.141711235046386719e+00
-5.196832180023193359e+00
-4.251954078674316406e+00
-3.307075023651123047e+00
-2.362196922302246094e+00
-1.417317986488342285e+00
-4.724389910697937012e-01
4.724389910697937012e-01
1.417317986488342285e+00
2.362196922302246094e+00
3.307075023651123047e+00
4.251954078674316406e+00
5.196832180023193359e+00
6.141711235046386719e+00
7.086588859558105469e+00
8.031468391418457031e+00
8.976346969604492188e+00
9.921224594116210938e+00
1.086610412597656250e+01
1.181098175048828125e+01
1.275586032867431641e+01
1.370073890686035156e+01
1.464561653137207031e+01
1.559049606323242188e+01
1.653537368774414062e+01
1.748025131225585938e+01
1.842513084411621094e+01
1.937000846862792969e+01
2.031488609313964844e+01
2.125976562500000000e+01
2.220464324951171875e+01
2.314952278137207031e+01
2.409440040588378906e+01
2.503927803039550781e+01
2.598415565490722656e+01
2.692903327941894531e+01
2.787391090393066406e+01
2.881879043579101562e+01
2.976366615295410156e+01
3.070854377746582031e+01
3.165341949462890625e+01
3.259829711914062500e+01
3.354317474365234375e+01
3.448805618286132812e+01
3.543293380737304688e+01
3.637780761718750000e+01
3.732268142700195312e+01
3.826756286621093750e+01
3.921243667602539062e+01
4.015731430053710938e+01
4.110219192504882812e+01
4.204706573486328125e+01
4.299194335937500000e+01
4.393681716918945312e+01
4.488169479370117188e+01
4.582657241821289062e+01
4.677144622802734375e+01
4.771631622314453125e+01
4.866119384765625000e+01
4.960606765747070312e+01
5.055094146728515625e+01
5.149581527709960938e+01
5.244069290161132812e+01
5.338556289672851562e+01
5.433043289184570312e+01
5.527530288696289062e+01
5.622017669677734375e+01
5.716505050659179688e+01
5.810992050170898438e+01
5.905478668212890625e+01
5.999965667724609375e+01
6.094452667236328125e+01
6.188939285278320312e+01
6.283426284790039062e+01
6.377912521362304688e+01
6.472399139404296875e+01
6.566885375976562500e+01
6.661371612548828125e+01
6.755857086181640625e+01
6.850343322753906250e+01
6.944829559326171875e+01
7.039314270019531250e+01
7.133799743652343750e+01
7.228285217285156250e+01
7.322769165039062500e+01
7.417253112792968750e+01
7.511736297607421875e+01
7.606219482421875000e+01
7.700701141357421875e+01
7.795182800292968750e+01
7.889662933349609375e+01
7.984142303466796875e+01
8.078618621826171875e+01
8.173093414306640625e+01
8.267562866210937500e+01
8.362028503417968750e+01
8.456487274169921875e+01
8.550930786132812500e+01
8.645353698730468750e+01
8.739728546142578125e+01
8.833975982666015625e+01
8.927665710449218750e+01
9.000000000000000000e+01
