9.959729909896850586e-01
9.873610138893127441e-01
9.774439930915832520e-01
9.661129713058471680e-01
9.531530141830444336e-01
9.384289979934692383e-01
9.217540025711059570e-01
9.029840230941772461e-01
8.819400072097778320e-01
8.585129976272583008e-01
8.325889706611633301e-01
8.041359782218933105e-01
7.731540203094482422e-01
7.397230267524719238e-01
7.039980292320251465e-01
6.662120223045349121e-01
6.266829967498779297e-01
5.857980251312255859e-01
5.440080165863037109e-01
5.018039941787719727e-01
4.597010016441345215e-01
4.182110130786895752e-01
3.777999877929687500e-01
3.389030098915100098e-01
3.018819987773895264e-01
2.670229971408843994e-01
2.345259934663772583e-01
2.045149952173233032e-01
1.770440042018890381e-01
1.520999968051910400e-01
1.296059936285018921e-01
1.094570010900497437e-01
9.151200205087661743e-02
7.561200112104415894e-02
6.159700080752372742e-02
4.929000139236450195e-02
3.851699829101562500e-02
2.911699935793876648e-02
2.093799971044063568e-02
1.383099984377622604e-02
7.646999787539243698e-03
2.041999949142336845e-03
